53,10
53,9
53,8
53,7
53,6
53,5
53,4
53,1
53,3
9,5
8,14
3,2
3,1
3,3
10,170
10,302
10,262
10,206
10,92
10,126
10,310
10,278
10,2
10,3
11,5
11,28
11,6
11,20
11,27
11,16
9,7
9,6
9,1
9,4
9,2
9,3
8,13
8,18
8,11
8,16
8,4
8,1
8,5
8,2
8,3
52,1460
52,1459
52,1458
52,1457
52,1456
52,1455
52,1454
52,1453
52,1452
52,1451
52,1450
52,1449
52,1448
52,1447
52,1446
52,1445
52,1444
52,1443
52,1442
52,1441
52,1440
52,1439
52,1438
52,1437
52,1436
52,1435
52,1434
52,1433
52,1432
52,1431
52,1430
52,1429
52,1428
52,1427
52,1426
52,1425
52,1424
52,1423
52,1422
52,1421
52,1420
52,1419
52,1418
52,1417
52,1416
52,1415
52,1414
52,1413
52,1412
52,1411
52,1410
52,1409
52,1408
52,1407
52,1406
52,1405
52,1404
52,1403
52,1402
52,1401
52,1400
52,1399
52,1398
52,1397
52,1396
52,1395
52,1394
52,1393
52,1392
52,1391
52,1390
52,1389
52,1388
52,1387
52,1386
52,1385
52,1384
52,1383
52,1382
52,1381
52,1380
52,1379
52,1378
52,1377
52,1376
52,1375
52,1374
52,1373
52,1372
52,1371
52,1370
52,1369
52,1368
52,1367
52,1366
52,1365
52,1364
52,1363
52,1362
52,1361
52,1360
52,1359
52,1358
52,1357
52,1356
52,1355
52,1354
52,1353
51,4
51,3
51,2
51,1
50,3
50,1
28,3
18,1
28,1
18,3
24,3
24,1
20,3
20,2
14,1
20,1
14,3
19,3
13,1
19,2
13,3
19,1
12,3
12,2
12,1
11,30
11,29
11,25
11,24
11,22
11,21
11,19
11,18
11,14
11,13
11,12
11,11
11,10
11,9
11,3
11,2
11,1
10,317
2,2
10,1
2,1
10,314
2,3
0,0
71,34
71,33
71,32
71,31
71,30
71,29
71,28
71,27
71,26
71,25
71,24
71,23
71,22
71,21
71,20
71,19
71,18
71,17
71,16
71,15
71,14
71,13
71,12
71,11
71,10
71,9
71,8
71,7
71,6
71,5
71,4
71,3
71,2
71,0
0,276
0,275
0,272
0,271
0,12
0,10
0,8
0,456
0,268
0,499
0,267
0,455
0,454
0,266
0,498
0,453
0,265
0,452
0,451
0,264
0,507
0,263
0,449
0,262
0,448
0,261
0,450
0,260
0,447
0,259
0,446
0,258
0,445
0,257
0,444
0,443
0,256
0,442
0,255
0,497
0,441
0,254
0,496
0,253
0,440
0,439
0,252
0,495
0,438
0,251
0,437
0,436
0,250
0,494
0,249
0,493
0,435
0,248
0,434
0,247
0,433
0,246
0,492
0,432
0,245
0,506
0,491
0,244
53,11
53,12
53,14
53,15
53,17
53,18
53,20
53,22
53,23
53,25
53,26
53,28
53,30
53,31
53,33
53,34
53,64
53,65
53,67
53,69
53,70
53,72
53,73
53,75
53,77
53,78
53,80
53,81
53,83
53,84
53,86
53,88
53,89
53,91
53,92
53,94
53,96
53,97
53,99
53,100
53,102
53,103
53,105
53,107
53,108
53,110
53,111
53,113
53,115
53,116
53,118
53,119
53,121
53,123
53,124
